i,j,k,accuracy
0,0,100,20.0
0,1,99,56.6666666667
0,2,98,60.0
0,3,97,66.6666666667
0,4,96,60.0
0,5,95,60.0
0,6,94,66.6666666667
0,7,93,66.6666666667
0,8,92,66.6666666667
0,9,91,66.6666666667
0,10,90,66.6666666667
0,11,89,70.0
0,12,88,70.0
0,13,87,70.0
0,14,86,70.0
0,15,85,70.0
0,16,84,70.0
0,17,83,70.0
0,18,82,70.0
0,19,81,70.0
0,20,80,70.0
0,21,79,70.0
0,22,78,70.0
0,23,77,70.0
0,24,76,70.0
0,25,75,70.0
0,26,74,70.0
0,27,73,70.0
0,28,72,70.0
0,29,71,70.0
0,30,70,70.0
0,31,69,70.0
0,32,68,70.0
